223554
223816
224314
224343
224393
224651
224726
224740
224791
224851
225107
225253
225302
225420
225440
225484
225495
225512
225635
225893
225908
225933
225947
226233
226456
226794
226893
226909
226932
226933
226974
227054
227085
227137
227269
227291
227311
227771
227786
227893
227912
227918
177305
237361
184970
273852
274228
213767
132380
132381
132382
274805
274977
275174
238042
238044
238045
259851
133378
133379
133380
133381
133382
133383
133384
133385
133386
133387
133388
143331
107254
107255
107256
107258
107259
107260
341364
133389
133390
133391
133392
133393
133394
133395
133396
133397
133398
133399
133400
133401
133402
133403
133404
133405
133406
133407
133408
133409
133410
133411
133412
133413
133414
133415
133416
133417
270695
176102
107266
107267
107268
107269
107270
107271
107272
107273
107274
107275
107276
107277
107278
107279
107280
107282
107283
107284
107285
107286
107287
107288
107289
107290
107291
107292
107294
119438
153418
153423
176103
176104
176105
176108
176113
176115
176116
176117
176118
176127
176131
176134
176135
176145
176798
176902
187784
187791
187799
187802
187817
187825
187830
187833
187854
187859
187863
187872
187873
187877
187878
187881
198384
198390
198398
319251
319256
319258
319259
319260
319263
319264
319265
319266
319267
319268
319272
321329
321447
351819
353286
325193
354473
354815
354960
304622
331548
355681
333711
333860
333892
306822
279374
334515
334531
307583
307599
279973
334888
308115
335025
335095
281020
308705
335282
282780
309974
283007
310332
310599
336346
311161
311247
311303
311417
285436
311921
116808
285479
311953
312013
285637
337097
337196
312532
286167
286171
312634
312646
286429
337548
313715
313882
192757
338029
288799
152571
338313
338314
338425
315341
289430
338467
289525
338511
338515
338518
338530
315653
338661
338675
338713
338722
338726
338727
338728
316006
316024
338793
338808
338809
338814
316113
316117
338821
338835
338836
316153
338850
338903
316269
316281
339008
339084
316716
316904
339244
291188
316974
317087
339431
318187
318239
318461
319070
197666
214628
197669
214629
197670
197675
197713
128696
197714
197715
197716
197774
197775
214874
214892
231829
232324
0
0
0
0
0
0
0
0
0
0
0
349339
133136
238185
238206
100103
198380
271179
271185
271186
271187
271189
271193
238822
238824
238825
238826
238827
238828
238844
239211
239218
239569
239684
239685
239736
239737
239738
239739
206731
133390
270699
133137
133148
133149
133150
133151
133158
259998
259999
260000
260001
260002
260003
319938
197306
197307
197308
197309
197310
197311
197312
197313
197314
197315
197316
197317
197318
197319
197320
197321
197322
197323
197324
197325
197326
197327
197328
197329
197330
197331
197332
197333
197334
197335
260004
260005
260006
260007
260008
260009
260010
260011
260012
188920
187851
197336
197337
197338
197339
197340
198389
211429
240858
241457
241458
259839
260013
260014
260015
270907
271002
271003
271004
319860
319759
223242
223405
223655
223747
223780
224291
224576
224697
224854
224885
224986
225296
225361
225382
225398
225467
225484
225511
225565
225581
225830
225836
225848
225853
225865
225872
225881
225886
225913
225920
225949
225970
225995
225997
226028
226029
226030
226031
226032
226077
226091
226098
226128
226144
226155
226162
226171
226172
226180
226192
226194
226201
226202
226251
226263
226270
226301
226450
226457
226462
226658
226673
226681
226792
226810
226814
226816
226817
226818
226819
226820
226821
226822
226823
226831
226832
226843
226846
226880
226901
226912
226915
226950
226974
226990
226991
227000
227018
227023
227024
227039
227051
227062
227066
227067
227076
227161
227263
227276
227307
227308
227336
227337
227338
227564
227605
227606
227608
227618
227619
227627
227633
227659
227660
227668
227699
333356
227708
227720
227751
227758
227798
227805
227812
227814
227821
227832
227845
227849
227852
227901
227942
227946
229065
232513
333777
306563
333818
336046
333777
306563
275209
333820
336784
273148
322049
354851
334130
310972
311471
339848
354346
306929
334200
307923
308681
289759
315923
338698
338810
307151
279373
307416
279667
334507
273793
307511
338313
307583
334579
307599
334585
334912
334608
280446
338581
338956
339150
334609
334641
337067
279973
307766
334743
280446
308115
334585
334912
335142
251616
335181
339017
335182
308574
335189
335197
251715
335224
308681
308705
354545
335306
339534
281403
335363
202737
309014
335452
282014
335662
309386
147046
273806
356590
335885
203098
335947
309878
335969
309965
283095
336104
336151
336158
336189
336194
336205
114639
283657
336308
284325
310809
336415
310814
310847
284650
311516
336784
311695
191924
336984
311990
285580
337067
312301
337169
286167
312567
337349
337355
312754
312870
313137
337780
337786
313754
337811
119203
337916
314190
314375
192757
314382
314516
314807
288840
314929
315030
338313
152817
152819
338380
257152
338433
315341
315344
315420
315430
338477
338478
338484
315456
315517
338573
289742
315633
338580
338581
338582
289759
315648
315653
338661
338688
315923
338698
338755
338793
338795
338808
338810
290319
316147
316161
338849
338850
338907
316242
290455
338928
338956
338966
316367
316368
339017
339025
316697
316701
316702
339120
339123
316738
339166
316837
339199
316935
339261
339329
317150
292600
318734
339814
339818
318886
222813
133949
222853
222904
165252
215624
234574
178927
234688
234698
234713
179131
234935
235038
235339
235454
180607
75628
136670
236334
181681
181829
182117
182167
236970
171489
237481
139967
139971
184399
184400
173015
237752
237792
184885
237931
185315
140068
140236
140333
214525
214602
128752
128845
214739
214746
197828
214799
198074
272954
273106
273186
129812
273724
273730
274542
200128
130826
273793
273806
274042
274043
131303
355709
274042
274043
131303
131303
162834
131723
132155
132156
274774
200396
274542
132436
274759
274760
274761
274762
163458
163459
163460
163461
274763
274764
274765
163470
274779
163492
200324
274780
163495
200353
275009
275195
275224
